56993
98169
92395
4473
30580
81385
3478
76263
14897
36574
6
39869
98513
29169
2153
61282
79970
53671
8632
16927
10168
54263
8162
39306
55843
93425
5274
2795
15171
90795
32453
24263
5940
85136
36091
18877
45375
8030
84045
9152
98121
47582
72686
74694
35556
56837
1947
72861
76025
29941
52485
38690
3250
66578
79818
87570
10447
61527
75723
65442
68145
42888
87946
57320
5181
83929
65050
14056
6372
22348
78127
89365
38166
10496
95325
66581
63998
6016
82544
9560
47810
2869
82959
62482
51172
310
9871
64234
26271
84467
75727
52054
18312
73528
7296
80866
3278
2928
76594
52432
32108
79905
52728
89759
79369
70594
25634
49448
94155
67684
21118
20532
6153
50588
71685
76965
50240
46406
15518
12360
51540
60483
51924
11301
36322
5026
36093
40245
75032
16510
67638
83672
75756
13408
79679
86472
37686
37487
83403
37436
99825
37942
82152
52071
67522
14707
5534
81072
72151
67256
31846
98968
11372
12535
68335
95493
33318
39978
6698
74795
98083
86543
67884
2993
29552
54390
58814
38169
76996
92808
69330
39197
50553
96658
48096
83720
66836
11044
99643
48575
78063
73630
87167
4081
30799
38771
68787
46013
15992
89843
48415
22262
70171
21069
82873
17707
59414
61275
21774
20753
13176
12009
93117
22956
25017
97334
71205
83343
84770
73121
82923
10824
14250
81612
31369
67599
42459
81352
63044
1090
79518
16977
54664
99004
85712
21891
47749
88959
54656
490
68276
95390
50238
5242
81354
50513
88373
67896
85995
45367
25164
43427
95836
57081
31239
55216
7422
11645
74709
81406
38635
61308
73211
84222
51545
52005
22016
58563
18651
7808
10903
8469
67141
70739
92087
60544
11509
58243
14565
32803
33065
65865
39408
55365
37706
41384
66318
65178
75365
53762
95734
30642
10289
27544
39335
26570
76230
78819
41825
38363
35886
32419
77137
99892
64174
39014
5606
66222
20453
10738
47416
45047
16373
85756
83333
88854
96854
5987
93635
7124
33874
89135
89946
86817
14136
49430
71284
52624
94243
26072
1571
33132
85740
30927
62809
21776
57102
73132
7116
9057
15888
76665
83351
22799
86852
40195
26338
48711
6822
53992
14614
80291
93640
732
79816
501
44402
67834
65523
5293
23308
47687
4573
3791
34021
28483
43593
25265
70461
84139
76143
2953
19752
5039
11881
72901
55098
70895
74317
79244
29231
21772
62787
37469
78252
7954
32104
33301
39491
12326
92502
38436
47697
53647
13278
80447
87680
94433
93845
71510
26477
61596
32238
34555
43513
94582
65181
93955
21530
84212
42368
72873
60164
36548
95562
52511
14265
3277
81928
639
85272
23328
17895
86092
59483
70809
84321
93599
70590
25159
47767
23420
8204
24811
80859
60326
6462
48777
93685
40397
20700
43497
78402
59712
43397
35754
69780
39836
32325
44352
3749
48197
52730
40049
52509
28602
44810
3513
16395
78757
85784
3469
54516
7650
72244
20816
90739
59219
1936
30905
2912
75422
21709
85755
32349
13129
71867
15499
44427
2794
55905
2425
98650
4149
22453
43871
75524
96163
31282
16410
70363
68658
83725
69957
21930
10070
64101
96544
77905
75691
25586
91483
68335
24090
29694
68141
76027
69108
58894
16604
1439
69303
68953
55533
74806
43539
20872
15493
76923
97442
68930
74668
20473
74979
91641
35678
76235
37518
93549
8524
59773
55034
24150
13710
16001
72161
73760
99788
50497
97691
16534
96761
98643
9294
39150
60149
98541
33017
4026
49521
81738
12033
68450
41767
88589
6857
99534
48605
99212
19306
70747
57201
44158
59707
74004
41098
94387
33851
41273
99452
12355
29119
85819
73082
4809
5150
16515
61708
49528
85214
55755
84443
27949
40323
26847
56282
70683
94057
26273
40534
18994
89044
94041
30358
67130
20173
64486
81271
19061
32427
40894
90001
87109
19294
74559
61835
70051
89813
14157
72770
23149
84301
42536
71993
80601
54974
97276
16813
32488
13383
20539
85596
91069
95899
62575
73108
16975
922
77377
75493
62068
38309
62826
89819
51618
82616
57546
51588
72223
92436
86564
95312
86049
32588
20445
44912
71452
89885
40149
42452
54002
26993
5906
36059
97366
74951
86714
15612
71553
39016
92653
85610
38682
83079
27063
67349
41835
35517
32542
61341
319
37599
91967
28982
19877
86791
30563
94999
64621
2177
73522
88697
64029
39683
66571
32957
79016
32955
45975
13874
13517
87179
39583
92217
6930
27181
70508
90458
50966
91841
39201
83852
67259
95935
9701
60441
35971
85702
94829
21795
37210
40640
8477
8029
97347
57689
67774
39609
53753
20737
10142
14318
20359
21416
10476
79557
53136
55940
20390
94863
76511
79356
60976
64343
91173
69610
33570
55736
79845
87745
7791
87363
39040
88500
66610
97338
57815
23574
41750
2502
3547
73840
48176
62425
66076
38567
6042
2731
21927
64741
15279
86119
13712
80597
48683
86172
40609
93180
16524
78299
98073
11973
27749
3169
54905
47460
69855
99345
89991
8001
25048
43189
75440
57127
88924
15921
64964
42135
55222
59622
11025
61186
83379
52653
61338
45335
77349
94527
48728
58761
17848
91499
63513
52521
79644
85441
57378
47832
27816
30672
52608
6645
15567
24810
96928
54693
23772
47642
35862
1109
6224
63091
87597
51219
35323
50022
58158
48599
18565
32717
26618
92289
54754
51964
7731
37385
28772
25824
45256
71356
76
65063
67381
89639
6797
75063
66428
78614
80689
26430
47844
40288
45067
68363
98592
21660
38276
3085
47618
7529
95575
17399
50247
8336
57738
26045
26455
17033
70573
78153
45631
31973
18149
26591
25237
63190
33844
21997
40628
49260
49677
73277
69760
39955
89634
73464
61596
69771
32290
7004
64010
25228
3430
90609
98551
56270
20462
38239
558
20177
36414
46728
55638
96878
86444
30236
53193
72779
21283
55635
90217
59731
50262
15752
75883
31548
41705
14979
97840
55605
42814
54151
136
12166
13824
23163
43968
70382
60840
79127
17469
64954
33543
19032
63110
92090
81589
29535
23103
46415
86746
50360
4394
99241
25728
2017
81733
4304
3352
424
31789
25771
46944
22791
97228
85203
24453
18661
57907
26455
56295
42847
91661
8800
38088
52312
35766
50097
46407
76171
95510
2291
1338
84673
58352
15693
76430
27261
93469
54213
54782
92222
52183
35609
1473
9666
66917
69298
89600
73030
27253
74468
63914
18693
77136
37143
42638
15347
67333
1959
29030
45017
55151
44612
18189
64965
44385
60165
86582
44517
33271
71470
80559
39177
62532
6756
92542
47518
13398
79781
96804
51895
94542
53466
86177
8589
60587
15233
97756
14077
96319
24033
18104
96647
22321
65453
14285
47029
99461
34581
76122
88478
27202
67775
52069
27683
19085
42718
7965
84128
40425
73176
97478
7036
18301
86947
13917
6846
51290
27988
35163
19596
56232
28463
64300
84798
78498
54396
20099
16169
6506
19071
77394
27964
29526
50818
62726
66196
27120
47987
52748
47025
12886
46111
7874
74201
68382
87406
11742
40774
92373
40259
5488
6570
61058
96306
20875
54277
38375
53120
92765
51463
11307
23986
52237
52374
35846
20577
45423
88342
62102
3002
81432
23002
31584
67966
94580
18943
79837
58952
32158
63986
35982
88052
21711
63787
30894
87761
27934
23440
92792
74236
81606
36329
41743
88722
69329
42324
51739
45490
43942
32102
99169
78352
66942
24648
86267
84589
58506
84221
71029
12751
1955
63969
46059
67830
96138
50473
13773
5609
76224
15787
20380
86796
4211
67518
14115
91257
49657
78511
92917
16649
3703
737
67850
50764
51864
91450
97686
12943
89240
9245
60357
17460
90931
11480
86456
97767
65850
61802
71914
82266
25112
81999
54034
5976
78387
1695
39504
17292
70565
39974
21463
13430
85611
29827
24121
75893
32963
16075
56034
8845
93165
59420
6833
80170
50838
60773
84434
95240
29225
71048
34957
41918
34033
68229
52628
26975
86681
67171
17674
80268
33115
66562
12345
58687
71205
97100
68810
61512
17322
59388
97478
42266
71583
89912
41222
76132
44927
57687
67734
50697
46359
66642
72920
21518
30594
12043
61003
66637
99756
63214
69490
46694
90169
408
72283
3070
34144
31334
64696
16638
78580
34296
97917
61446
24217
66777
99201
23725
47870
33226
93826
53566
72249
26265
75126
20752
25406
13071
74638
20713
95936
86141
2218
54002
86694
82108
73029
69972
74620
49982
59561
2231
24798
17966
50681
73652
27534
98936
6840
21459
70594
90946
92495
65487
98928
80605
81309
53555
97917
97538
55969
35745
72222
4148
32883
30570
86378
96818
569
86106
51459
66161
51328
75153
10318
10535
84944
78767
59349
20311
95573
93963
63193
20822
58613
21271
45633
46926
55236
89299
62232
66761
49643
35698
10333
60712
81232
77176
62409
82163
75943
51570
53338
3463
17943
96532
74036
91994
97155
4119
30780
46290
64395
53040
13588
93601
23238
1478
55443
57140
94682
75043
70181
84079
50819
10163
83838
43238
17255
18169
50820
87865
16182
32147
44744
99136
13906
61790
89431
76748
94180
72272
30924
76034
68543
29370
61881
28891
84585
5460
60948
15387
80979
78797
63130
39175
56610
92346
61510
27083
49172
85802
42173
86426
42144
85810
69383
49219
814
10468
62897
8306
1027
77562
49785
13623
41441
3000
87096
56800
7806
81373
43712
39440
61264
58329
31508
47739
85761
62943
59135
22551
38176
11128
93124
10083
31903
79988
5534
44500
28255
73540
55289
43056
9476
49628
5141
62648
68245
26289
58450
16103
69130
37164
23760
79125
99813
88977
52916
58822
49473
13359
5388
93402
32553
9466
85769
18219
85600
66622
1495
60753
79149
29370
80904
42403
11771
26618
99147
71825
97422
18135
90786
70891
27320
88420
58703
91461
71564
91661
61198
63189
10243
68595
74524
66115
32700
76265
2944
93018
46399
45452
3404
35145
43758
17686
29116
50966
97275
78594
74139
55568
25428
12311
27550
37077
79296
69541
33611
36823
21912
68414
53616
73106
82676
32598
22802
4021
61731
15479
11138
4869
54566
19440
88053
50977
44541
37201
36707
37304
14123
43985
86688
30870
62751
6841
62804
98169
626
26502
72030
2666
16567
99171
93222
58264
59595
72147
35947
33524
67156
6781
52103
51185
96970
63042
97864
91595
91140
60156
91902
78440
20750
72781
87610
4411
45654
28924
86072
75715
16483
55948
84203
24970
75983
37982
26677
53609
57790
6192
79469
68680
26832
7260
64508
26384
99731
26888
90312
20597
21756
69775
57855
96848
62724
80781
90035
96405
71189
13679
80504
15708
53868
57543
74902
32635
58977
961
13729
64442
90946
45694
79761
49710
51410
75664
15643
86472
29611
89465
38284
81004
77364
21637
67065
32110
59810
76131
76660
79283
95457
58077
97550
43223
49307
64199
12360
10355
37696
96703
19062
5000
37712
68849
80200
70455
62006
53820
82156
39113
74483
19766
68457
36073
41950
26384
94564
70448
66638
27107
93356
22660
5144
31411
82417
53717
46758
38190
58595
38720
93427
68427
94923
65104
90685
88073
39266
95684
47708
76405
1090
70739
9799
53161
81402
47335
45639
14710
34192
60321
11187
97912
85216
1648
51198
11966
62792
25152
51213
59863
83126
38124
7603
50682
24312
36023
64131
73498
75427
61786
35775
73773
38131
95081
52902
47174
68139
63968
7344
47005
82645
99667
61287
43843
72620
28074
88477
24659
93498
53361
67850
68337
52369
41850
27576
41938
43992
65768
56737
41080
42577
89270
31194
53955
64551
42096
71471
67911
83159
31006
40149
22493
22915
31369
96428
61872
44803
14298
27201
67856
85922
81358
62708
2738
36196
35523
9723
3865
94864
16184
50513
10806
59154
9218
72200
54474
35575
32665
12510
67572
96978
81888
55883
79445
1247
87451
72067
78965
22338
72593
27769
57261
79986
83309
49523
49216
45200
85
76348
81918
55718
99355
31943
67041
27886
87706
59786
3980
39000
63418
99877
60318
14018
92231
38576
32786
32201
54202
73801
60053
63896
74936
52647
45416
75416
17610
77282
44785
57467
22002
21468
35654
64872
93088
5033
19321
47553
49776
44246
1531
34024
62945
569
32780
9268
16394
17831
8370
11692
25797
45159
78393
48486
98
72403
94647
50159
84896
41955
97522
17289
60455
40340
73206
39681
25432
57435
9503
89269
45647
40709
38571
44408
92763
48038
73028
8942
47659
3660
74415
58167
41947
6462
6415
27259
91506
89047
79107
7251
75209
18571
40742
56123
99579
54446
17661
55729
42926
32293
29727
4148
99171
87226
70233
75964
9764
2276
20365
89268
42848
88554
22759
85373
18203
97989
80120
81961
41264
28330
22560
15282
7397
40239
43359
50621
87529
16736
72276
54100
7578
51444
84903
8392
96241
55043
92297
47674
544
41872
67390
75166
87168
88474
67792
69467
42162
46652
66441
95461
64706
56101
19135
83083
97841
43011
17483
94891
61645
71132
55936
86832
79425
51770
86474
4302
32681
14953
65532
58391
40449
26771
62712
39142
13981
72522
61763
54441
52584
12322
38865
19271
97639
25320
83530
7616
24439
21944
55558
35326
89588
90324
98261
50883
9149
61896
28937
22794
42293
22245
65524
69701
17835
91277
95930
31367
31383
61433
14897
72371
6999
64215
54468
3254
80691
21002
20390
3815
78577
56939
29694
12816
1875
25590
48514
73784
72566
1395
16633
38419
43201
61767
3644
81716
80741
8232
99058
40464
48497
87712
65504
26603
78466
31967
45694
33790
48728
88160
14827
739
49082
41510
28865
38510
23791
87873
7745
64536
30630
45973
48321
73200
14409
48369
13608
82337
85943
23096
81793
92935
45459
50309
39145
29036
33151
6720
29927
19829
26281
25687
85030
51359
8451
64114
88371
72717
1053
3602
8074
26725
64567
33590
11400
70292
97240
51095
53973
14713
83739
23786
82539
17280
69822
87321
34424
4723
3598
77107
22947
91923
35246
36866
45609
29656
49867
18995
7146
35550
101
47169
68681
60342
19176
76236
13377
37655
64173
66850
89534
77299
43535
89074
77322
63107
25442
10226
1383
68795
29302
91160
8906
29229
81889
52839
91398
78838
14410
96088
52440
90919
18321
55013
93291
90569
57963
63585
58905
69080
91949
4720
46243
25840
98775
84970
13040
73802
31102
28304
17545
33535
44248
7877
47856
76646
94726
52245
48065
77867
62880
90230
30095
27311
47060
86693
22969
78267
86986
53680
62468
48561
20212
55792
39668
53255
25168
51928
10130
19109
81783
43040
71518
2174
21254
21246
62587
87028
13195
85907
96002
45575
9530
78466
91395
74827
26790
69699
19264
75397
73167
62809
99241
36725
20316
72550
87295
10206
70731
62999
86598
35052
22499
56166
1434
85338
27200
98
32774
8365
40132
7032
82454
95807
76085
95299
83715
71750
84938
5449
20658
60624
82968
60512
33019
33850
53508
61905
18889
81220
27971
30105
29429
2130
6485
66122
21691
71845
44451
19696
11776
39659
24284
44058
13055
38837
46523
54329
65707
74607
52585
82272
37434
48011
49053
12105
34975
79323
34437
86838
5299
36978
44801
22636
79820
92213
15587
29118
10855
7187
42324
12986
20929
83583
2031
85484
76704
43379
44495
84251
35885
2885
32577
48311
1082
95340
21839
26782
54791
76351
91477
35841
96598
96302
30773
9556
19667
54844
66695
61431
19982
19137
43581
48001
52798
65405
29336
18646
20859
88606
83239
97712
47969
15581
81166
50613
99379
22135
28686
46236
65505
76593
75779
49123
56141
5941
25269
71903
23062
98646
56381
92910
56371
30305
23515
7272
31495
13327
60262
97016
73044
95014
46363
81359
4873
60097
47878
48685
70952
85043
59765
48219
35592
63749
19080
43869
82750
63000
47002
27761
15893
77990
32489
20113
63546
16794
81101
71801
96312
88284
58151
30157
84941
75608
90776
52126
79186
38333
21068
15555
51643
77859
98157
76054
40841
62761
31031
23536
28416
62239
88583
52677
30735
96791
19009
10555
38718
93116
32971
83040
54094
48199
3119
66581
70258
8592
6631
45321
16259
75910
52801
17302
11683
15050
54558
2730
87212
86085
8452
76417
78068
46616
74721
76675
3621
97131
84560
4079
38705
73291
93684
5891
57888
42228
72263
79400
24080
94358
36551
99144
17624
17874
27445
57653
39236
72670
49355
72040
99513
91299
33751
7089
45613
15499
42169
61239
49063
46749
63946
63066
79297
81476
48390
43375
5349
73516
30282
88295
95188
5404
32033
50521
12941
91626
85642
10703
48751
605
41539
34844
82294
79218
93875
35869
44205
57501
80560
74492
65346
61264
79788
8769
5237
89118
85063
29936
24746
22605
49347
77232
10800
75051
74084
5626
50041
87623
67192
49774
92477
37193
77473
13723
71130
44396
16508
87122
37920
14330
53388
61614
84304
27398
99609
77880
89003
13743
21409
27999
26423
60045
40889
78752
61033
63103
7580
30427
9617
41393
84388
16463
36316
16973
83020
53602
31247
64550
56562
64171
61108
44399
13808
79466
96427
16216
88433
47508
86913
36319
40155
41127
8369
95591
89526
3332
54924
44781
17963
56770
43309
64909
11950
50989
45350
20051
61696
42375
25400
99108
51440
95401
66742
33139
53602
32339
25732
81186
48183
82718
36214
5676
25718
98081
39060
24705
73194
86241
82192
48931
57956
43918
22751
62652
98483
68589
89540
41667
2859
50006
96413
8910
87186
26312
78578
93381
91865
11711
9844
78290
27010
79035
96027
41125
6295
83989
34655
50680
61531
44241
19449
27001
31222
47823
63464
15745
68971
76810
64186
14484
7023
34026
36138
76782
61316
9184
64116
89881
23219
95862
22731
53812
37245
15864
56402
15472
38011
70427
43177
22717
29625
74631
42775
99345
19919
97279
87901
19380
83228
87613
50177
90212
7606
72932
6470
89723
75449
75407
99857
80696
12356
17833
47519
2863
78390
59430
4524
75861
44158
89614
22901
43117
61330
11718
72133
3865
47265
7871
85854
99477
68800
80225
19452
56452
46467
60259
44101
46563
93718
27063
80873
89321
14955
28623
50598
79833
88810
1126
94369
5494
9900
61486
90079
68548
95849
86908
95550
27214
15474
10364
43321
44158
40590
25777
77978
8719
63102
18852
29985
50318
6985
77855
63887
67218
93683
78239
66110
6489
27487
55428
89175
63688
35559
22858
50099
41011
77851
95006
32174
39220
75153
14157
21277
79876
86589
12294
51722
75034
61869
18538
3692
53704
99467
11799
39992
33595
69308
84146
71863
70744
10878
59707
54369
29382
21582
91963
73372
22655
67480
74540
86191
37291
20381
18944
89529
81522
43902
18830
86524
18602
73664
2463
15649
1247
12708
37744
392
71565
32730
49380
18402
81940
76342
38180
92350
41138
70168
56390
83158
26295
39382
70992
87388
32264
13778
43063
4686
85100
38945
18128
82801
28006
36861
89612
33064
66857
59131
26507
57597
34857
46841
38960
27715
49718
3461
76171
69717
89078
78477
32267
48901
70740
23694
26366
29077
38439
28046
29206
61729
8537
30245
86578
42445
42060
5097
49314
47466
77752
25368
74441
29949
82921
72873
84287
63023
36727
69532
80683
92577
84892
44664
46812
71682
81101
16029
78943
92813
41234
72160
98326
51562
99819
36919
88013
75817
32284
85676
63170
91073
28341
13293
81070
71501
50584
2233
39476
87916
40730
45022
77595
17280
79049
70097
16276
69657
64108
94852
32202
1318
20810
88783
70490
30124
26249
55857
50066
67354
59100
64353
30040
66176
66834
37113
96503
66051
53052
8903
77992
56641
55896
43041
60986
32459
84401
87054
93025
67682
35150
19438
98678
18538
53765
24854
6060
13419
9077
11948
76490
73913
22515
45653
5804
71184
84382
95834
45195
78763
36359
54185
18493
80202
43997
83147
26363
89542
55927
85813
87608
37811
87583
3572
55153
12042
43874
6419
6278
76340
57771
52110
34228
1491
34112
56642
27134
89045
37559
91685
5829
12426
50954
54397
103
22571
47006
70596
46150
49081
47847
23134
78008
53360
12871
81736
57249
46106
26957
70175
55251
56041
35355
43448
46349
15014
98715
47300
31063
5963
51311
62798
77376
41173
9278
47564
70141
50771
6879
50396
22142
24472
31300
40285
96365
65920
64917
29736
88645
35428
39450
10538
27166
74336
30682
42149
3821
42620
59920
89823
22886
27677
93763
8744
59671
53646
354
34904
6289
36103
53961
13520
65794
17090
14735
65713
93197
63490
86635
99166
1289
7205
99526
78141
54801
54242
91209
28371
33164
4473
77662
84137
54882
18640
67695
13493
19985
30089
46835
2989
48193
24338
61525
56181
16610
68120
51988
4736
28921
38083
53645
28740
98901
84721
67837
85781
59289
37583
17313
4501
97562
87557
57666
33277
77837
45724
38614
82074
98725
27385
63803
77345
35466
34790
44163
32176
53446
63995
36953
82742
68928
86512
82482
5676
72289
20836
7434
42729
26156
15072
24143
59307
16317
10396
84049
34637
52631
59441
80429
64114
65092
53188
29080
65140
37119
96900
43914
58415
14317
43556
41401
42418
41144
887
7044
36954
63711
53289
67907
83095
66551
58532
84060
84429
23855
77369
35686
5228
89898
27547
2342
16392
55131
52267
51167
55064
72754
47236
68280
30478
13865
1686
69944
42123
89612
26165
47355
67802
92077
64932
95232
97594
16245
80445
90780
44614
27223
67712
18487
73450
48332
10914
20028
15157
38215
26754
67007
23181
54614
86121
10038
12887
61374
10211
52405
92898
83944
58305
9913
60021
30380
72726
25418
44110
9350
52945
43279
44416
37908
51103
24683
91985
94822
35869
30692
53066
36786
79992
66909
69638
55726
59658
34842
78192
72319
77661
8678
28223
46038
802
35203
2126
35616
28695
51257
89042
45397
93843
76661
72336
24317
70439
71283
71509
10418
34051
84986
90568
54248
75658
49873
46559
15641
48091
94325
38587
45833
18050
69487
24383
15738
36270
22473
31185
47300
5138
43958
22555
96137
85551
95951
29616
86112
14342
60906
80178
96915
44022
31441
27737
54036
21429
10730
90922
18676
13801
17367
99041
79138
55285
50415
68601
30902
65041
90717
97157
98210
41213
72843
19987
44831
34896
71831
16250
82975
61671
4483
87715
59807
11613
67357
96634
26515
90992
70175
9175
20204
54796
69560
68359
60044
71379
47251
91576
20835
20420
585
72133
14222
72751
71018
91792
94527
39050
7076
19623
6288
29867
47712
60055
14903
61504
96674
96909
35589
60410
27004
12295
76929
9190
10921
82633
40731
34424
54918
44295
74308
55116
34588
54646
68270
81681
14133
77286
4668
4663
82073
23774
68053
95067
9887
30572
19646
49810
41656
89618
61715
17562
15106
93569
29793
36591
63445
82704
82688
31980
99604
8854
87732
69323
78245
90446
69835
85598
20336
37010
34682
82312
48283
58219
62590
68803
61545
99713
71767
19960
8257
86937
86895
78095
10085
76818
24315
11724
68110
91508
46835
25864
43340
81997
49727
88974
79121
21840
63889
56274
99633
75799
33236
606
9393
84149
2327
34546
37501
83777
14855
8735
14839
38460
64729
18341
80371
35512
64910
95223
21929
41379
49591
17484
89818
69993
92951
12913
39565
42751
49040
54685
95323
23354
71919
40274
19382
35110
50026
67998
80635
12365
69019
19826
22680
15400
66070
46277
13951
38332
97095
7182
55562
77040
10870
88587
12764
59224
68139
46979
65321
69467
98870
30648
43055
5437
29001
30615
32334
82443
43429
8034
9030
88352
9738
57230
21856
38615
48351
40144
93782
78260
18279
33021
42203
766
83684
70102
67365
67342
86596
73675
76314
73186
97504
23454
31396
90235
36997
33158
42579
39749
92791
10512
24942
83998
77437
40764
2781
63803
5640
63055
65789
19278
74527
8496
79615
44615
60715
90582
14693
5197
58120
29377
20916
19164
59636
57547
86415
26236
73384
95871
32152
94256
37534
90926
42957
68813
50690
26814
74963
71607
58357
78176
65380
96556
37697
64413
4239
5581
39406
15821
87051
56469
31098
38181
85011
72695
33334
18792
32136
18017
346
36770
61932
97929
19764
87536
60896
45990
78167
87633
50396
56838
5761
94243
9932
39910
94996
43448
63020
77458
56458
6845
70973
81954
26811
70442
27149
56903
64097
81409
19604
19775
22474
91359
8544
1656
42438
84047
65498
21054
76191
84541
15880
37668
95499
40065
13502
92545
27302
71860
84004
66690
93097
47599
54280
18291
11775
84284
9029
41213
29661
23751
18931
13105
99268
65056
22187
47388
27841
69757
30870
34678
20726
88211
27736
72382
21361
54665
25392
71331
98627
84985
61682
45126
10880
8445
14854
59774
48504
17619
37293
41193
12648
16367
9015
13131
66771
71020
83109
34468
53705
99529
83038
13171
3979
95604
79113
36152
75270
28598
77742
75926
56848
94915
72598
75440
20854
94443
79574
17577
16227
16559
40908
51519
90532
90665
11682
71858
45819
64385
21310
38775
93392
35033
32217
28416
41505
52802
99837
28052
30900
72027
26317
14359
23292
58699
28673
16762
15106
26460
19686
85861
48830
21511
44663
68533
60805
16291
47453
44883
81347
45684
49275
37247
18778
89615
85726
40190
85721
50695
45242
49090
97632
32975
8134
80291
63249
62577
55249
91496
55368
15929
87893
56270
94275
78048
49927
7825
71421
29107
29732
70580
83340
47447
38746
61208
51230
57603
52027
61696
71868
31152
69770
13708
66606
67404
23831
28868
59775
24137
95816
91022
41033
51918
20111
19768
40363
42125
22787
7796
50686
23969
25405
60028
81209
56355
25860
65083
44762
72175
97879
68703
60076
72360
40863
30263
2012
39514
55135
47010
91133
1950
77917
94222
16429
59370
86699
21002
84730
43989
29495
3660
53476
53759
92968
23822
9449
52242
95207
49422
8671
15554
56184
41255
9144
58218
19677
15382
88329
79149
14925
49516
98791
35618
91712
6452
28113
67537
51646
86565
60532
95435
36341
53574
98292
86541
35705
4265
79128
77511
56505
62766
795
5605
13292
20114
2653
36832
60313
67496
63137
59871
93639
8022
38507
14941
24979
16585
14022
7479
17660
81624
11082
87315
82559
66789
20219
61186
8292
44977
34330
58422
31825
80010
33949
3598
57546
27847
63329
41939
35239
44724
48027
22027
96076
28879
82961
49157
70459
15526
45448
44132
85211
13253
95135
96146
20922
43375
5914
81623
83246
79537
19648
77785
22270
58402
48988
69929
81672
7801
4587
49556
90216
41871
69717
92395
69544
9718
45525
34130
33691
88119
32949
73409
52220
6526
48487
17619
6072
3822
61104
96425
34064
2278
42327
52409
79170
51059
71913
56288
10336
63654
13292
78738
41941
47823
16434
94034
76442
2436
56471
19459
42594
96853
37607
80000
42982
77287
71932
13245
44443
34450
7077
62296
28295
67670
37727
85327
63080
81897
72766
68495
97886
64469
54190
57297
67879
28060
18481
39383
44978
22577
20914
16561
79885
65810
53442
13758
88205
68431
38206
71946
22974
25358
50833
83556
43728
14218
26950
45765
86760
88643
3078
2840
49641
36437
90243
4169
59569
19845
75130
73261
73722
99747
43914
69187
64508
67768
64604
53191
75502
45471
10669
20459
9273
62002
63854
6984
34891
77814
67460
83938
53854
43160
2039
57139
29742
4915
35281
61693
52150
23779
77003
10683
40045
96851
59295
15666
44199
81874
90208
84876
12936
68422
91420
92431
90835
80376
40690
19106
60927
34004
71241
56227
4755
98566
79132
92587
19140
68949
50838
79783
6054
42998
8150
87253
22286
32995
65240
52792
66277
46610
80579
22565
93169
68167
45432
8216
84129
5627
11295
40168
85410
60818
50071
60743
28743
10051
37831
44803
94928
91998
4823
46895
90967
79088
55478
80462
3573
95237
85590
32640
72385
43821
85132
31517
11585
53280
8325
14630
99433
53450
92332
75970
17551
16580
13742
28607
94573
88601
9989
58857
51985
10998
62431
22945
38843
1338
26529
53208
85573
70275
29685
91622
95962
98837
47810
93555
2740
90615
56690
53775
76176
53063
95028
61534
93630
34117
90368
67014
82824
30643
93286
18670
54693
52663
61792
36174
21610
15123
34042
86294
8530
8490
70425
72835
2816
19955
90470
53065
97662
84409
27135
82038
77494
56879
33732
23633
81046
82395
76017
32056
29852
5458
7056
41465
62380
12134
81606
30234
82445
33560
12288
9501
6461
68463
66370
77532
80951
47302
68804
54234
4561
18406
36374
3239
47299
7624
96798
42825
12614
96925
30163
46707
19431
10024
72699
93686
87869
14130
41445
72089
49523
99865
11843
52066
32210
53592
60623
58847
50999
97565
70854
53020
84185
92405
77778
81384
73772
3148
14561
32486
53083
74828
21068
34150
77679
31935
93834
89782
52581
55296
9257
74193
62476
38021
52860
27476
63365
87789
99033
15793
91599
56231
94782
7220
25199
81884
50662
34428
85430
32046
23857
84574
5924
66428
40374
5540
7114
23718
19825
91274
88455
6229
24454
16218
46043
97809
58479
34743
13778
34734
50376
97603
65825
6050
84199
70704
20290
6014
58385
64420
8194
17141
11196
55653
67016
36214
1387
58223
24959
70079
98702
81309
71757
53809
65668
26067
63690
21873
44853
33048
36343
57493
87018
46825
56843
85542
43492
66559
46488
36794
12681
58602
86283
59857
87684
13251
95270
1719
81207
79128
2160
68114
9355
64756
29645
48398
64900
71536
87673
8575
47346
30177
49510
98096
63420
65303
99470
53202
11547
56879
65193
68336
71104
6917
71845
94321
58159
36196
67881
18531
11637
47349
36123
45960
93337
39401
781
55721
20736
41719
46209
49477
97935
24873
37339
17444
48726
6115
66538
30313
98488
80576
81151
52755
29309
37637
88111
70569
76571
61608
41169
99393
63737
55528
87683
27031
81121
93424
19096
14423
51591
77609
40446
29362
64013
4586
37745
86048
18732
29839
26575
41688
63799
62157
9893
93908
23800
76160
85809
59878
95533
91653
77400
97174
52722
87194
88086
20335
85929
99889
30411
32583
9161
23523
45397
93966
65004
26259
95011
34107
99699
53898
82452
9723
81208
18215
44720
50723
74953
15707
83958
98192
7987
91343
69823
81493
64503
40915
81560
12451
60315
45041
5214
82250
35321
68066
61572
38974
13826
6379
24325
42067
37970
78267
27914
85663
94221
85263
34044
55563
2300
66142
13427
57464
66580
69717
21461
59967
83821
42806
93897
61316
32829
12595
68488
17688
49480
7423
31844
18310
26383
38701
96218
24619
64679
44487
99743
79256
7072
3944
14562
47846
28788
19696
1981
96301
22164
36613
59265
63895
63433
58974
4562
43983
2219
70766
2824
14907
1540
3545
85816
16883
90590
32182
3795
75066
31784
18374
82550
97380
87352
59802
9432
63553
26897
79486
87898
2585
12488
2282
19511
68782
58770
43817
40359
12400
20783
23420
32953
90096
3132
29294
8750
38394
89868
25289
95078
82928
33150
97014
34408
73072
51837
84268
54193
70960
25711
32400
74915
55157
51113
85148
56293
20880
90907
18100
64182
21696
40448
88272
48452
33862
44503
18165
5669
14835
51617
79229
4773
19467
17144
49658
10033
84202
19594
33288
70553
80197
75205
64954
32022
1340
45497
69440
54779
60913
28743
15190
11535
55899
44381
24494
46297
24924
49548
72587
52536
34457
85446
73652
34962
23884
55487
94871
27544
34977
93859
89398
55914
25007
48139
19445
62100
45169
6582
15741
21787
81769
51655
36008
52829
59642
88607
4302
28035
72984
62651
90514
38867
46928
39113
7834
86909
64758
97084
4845
90894
38771
36282
82244
55012
8128
88649
19520
13105
94234
28007
3757
33166
41496
28124
15095
34029
23297
72284
55172
46152
26990
54353
60348
66428
97353
8354
82273
22190
99154
42675
14597
73344
58574
6939
53923
3193
5881
49377
42366
36281
50059
92089
35334
2148
64879
2388
61466
60737
84587
72908
56666
77807
89284
91896
62037
57656
40162
67838
12219
31259
26068
96799
72350
89094
75674
78429
38235
83905
8251
8467
82280
24723
63500
62036
57788
69438
38051
497
89170
23987
1247
69659
24249
76549
22317
50005
28507
36405
80992
36672
19314
30871
37705
83239
6752
97038
64622
20914
80185
40167
16546
81280
95246
22051
23751
29359
43453
90566
87834
98097
35933
56015
47831
31178
99564
91683
74793
27241
1668
47555
48844
34813
92719
60303
12926
92787
51631
3053
49980
67286
14473
19468
53345
21202
76453
77976
29528
20103
78390
62146
62207
65173
35235
28926
87359
93884
26038
31652
76714
99009
78957
71744
84091
77778
83119
35455
26208
42430
92632
52849
70521
30449
39622
50566
90931
17090
5689
96776
96618
83794
20454
96835
33138
69442
61948
39651
63054
32683
27772
70596
53840
38388
12106
83168
29805
86330
65331
76684
52310
64119
94052
2740
45791
17353
57224
89403
75589
79092
30900
44774
98247
71595
8034
51191
10751
37894
18677
64959
77876
85737
67461
91904
52404
5767
49554
53607
63747
35229
25189
98979
84136
2474
18824
49139
21257
50457
8060
84992
12053
6272
70340
92919
77021
56439
82523
96114
92291
89368
79433
82739
68913
80241
3505
86244
85511
84447
84437
66011
44680
11516
59463
58375
77853
41248
5648
77512
19299
58362
70938
30304
42685
83452
5883
55419
30498
37694
43154
11614
98889
90352
17941
73048
916
18268
21088
81528
31684
30412
4660
11288
3732
37050
90390
17607
63568
19470
95258
20909
77463
37343
43327
7759
14851
29038
97781
21349
45730
53079
52566
60692
8902
49661
99940
11536
45604
43639
56172
44161
70266
81421
57411
94300
24741
70697
71713
82897
67478
70399
42371
5585
90422
34939
66931
71020
75761
89238
69569
88246
97547
65186
7233
34981
3723
12942
73786
17900
86465
75936
97827
18840
53440
42675
23668
98623
14880
7116
54839
66597
11902
61407
31103
92178
74789
12475
33217
30101
85908
90087
45366
91822
93625
83045
67898
17192
92076
71312
34409
45404
53367
59044
40366
77253
80141
5658
17198
63800
13140
44241
31875
64887
78264
59486
917
77412
83728
79532
8882
31175
41087
90782
70386
17848
42308
64081
87987
97268
62743
60554
13271
25159
42078
37272
99884
6014
45483
3759
86921
44248
36504
79404
49001
40893
79474
89950
29737
84953
18211
53441
56481
78099
74832
45591
57455
55616
67621
22330
56211
85933
17612
96362
67270
52495
76613
50473
35386
39681
34971
65655
67056
39278
77237
55049
24230
46236
5116
13258
60866
83804
26977
9206
39009
2237
66880
36175
6602
53747
97669
73451
29067
13593
32839
90537
79874
44987
20358
69852
88371
64825
53909
3027
12459
35130
25535
90155
95627
88395
58842
915
68045
81279
9966
90322
45296
89488
22729
84582
29342
68651
66566
49582
74269
16078
66207
50481
64218
50227
23655
28345
75975
63552
45034
14425
63987
99316
92363
57602
87003
70426
55322
5381
5804
95810
9910
12752
55132
48533
83775
96718
37558
32599
4973
31674
77158
44284
70619
19641
24536
93969
42371
9348
36574
76933
64826
61827
78734
48880
71856
54761
808
6935
64894
65624
20605
27055
42615
95797
48978
25062
19885
20617
34834
73397
10794
4688
25854
1220
91091
89612
93784
13800
90407
75889
42483
48230
82204
89792
64037
44296
22283
35384
32641
3234
91584
76387
7980
54973
66202
34
10632
92010
3365
91317
4056
5810
4000
12457
20004
22217
86053
64793
54200
32936
48574
21192
14714
38096
21878
83447
85593
30816
59130
48450
43726
91885
68705
11568
74542
68835
58369
14184
70641
45976
42055
45736
3682
98504
71206
85961
67494
82772
53974
19670
74883
87503
69362
16845
18828
76467
28641
47428
40532
58949
64356
67430
98342
44577
40810
12672
39321
70632
37277
21795
3647
68450
83451
36803
68
91267
78009
42175
36745
47712
51869
80306
35324
73467
71435
92573
39781
92824
65661
6332
84547
1200
62007
51002
99685
21704
42475
64520
73841
85664
5340
96812
84474
84162
76969
96193
18290
1705
57093
77037
35780
143
38140
48088
97141
75138
39303
47101
69537
35173
75744
89541
45803
53368
18295
44745
35443
20977
12016
71592
603
23780
9280
42138
25694
45491
53820
64903
63053
34835
32179
78557
43830
27698
80262
36357
9508
18722
39878
26459
47421
75349
15333
57539
54710
15241
54629
72606
19035
63101
87522
50299
63776
44461
56203
18148
12049
32451
69311
31414
44867
94986
16382
7858
79208
52029
29603
44485
81665
39862
33790
97441
21217
99936
18617
22681
88381
17439
56340
66125
49240
21034
41409
58909
19690
98829
21144
33632
72177
74467
60380
24002
78754
64138
5572
62020
43488
67703
67984
58866
279
81690
52719
65179
23714
60505
71529
67842
77933
6316
26268
15224
18514
25549
99597
99695
81581
25986
33138
70050
65037
36250
95574
4664
96313
46709
54722
27895
39094
12447
11873
98823
37041
50794
73286
4766
13797
7980
24770
50884
52276
45708
43090
82854
99064
82498
18491
14578
91191
93080
14569
2107
97826
21407
20252
76251
34431
29038
88698
96337
58405
95515
22523
58117
68821
29581
49574
88453
58394
78941
12689
67544
9059
36157
38997
81582
18685
52163
28223
45198
45855
74983
35303
75399
77965
31497
3572
38544
39889
72001
12913
29981
98686
86487
65976
74714
70714
95733
45153
66861
29901
34862
3223
58050
24492
61408
53177
2256
75426
93833
76436
48674
40439
88479
52851
31187
60502
90560
35
74097
93626
71967
35596
14599
56261
24204
45946
62208
18500
63675
42052
25388
59158
69427
94510
58604
899
37348
82822
29947
16640
64168
51373
36246
54458
38950
60767
22763
9061
74335
23496
11263
90520
48371
99735
95254
39243
90988
69362
91682
4900
24720
71111
45341
50893
50059
72037
79272
99575
84765
73955
46216
27874
16575
40566
58588
2461
5069
30656
2505
85075
36015
9842
87451
99808
47267
9831
53314
19215
35797
20809
854
12571
25116
91055
64539
13498
99998
37671
24336
84557
69238
46595
2631
43083
16145
35615
92987
93683
69280
43295
82329
50873
36369
27805
69935
43618
82762
63452
36763
5783
98274
8848
46088
12525
95185
60362
84812
95261
5144
4403
23560
61627
96632
94356
58648
85377
13062
83409
97713
65835
72673
60569
4299
66991
75208
98267
49817
80913
74939
66254
13223
15521
40994
35882
33776
77248
16140
15463
24101
51804
39579
12340
25191
90851
73195
60313
71114
43106
90728
65499
42252
38066
63256
13940
91654
43676
39179
80977
19205
55401
28042
61069
96881
75424
38017
94393
13203
89728
58216
25350
67936
70942
87093
67708
46242
5153
56581
18858
49329
79445
67240
15142
92090
46819
90032
2122
9452
70052
15914
29354
38926
23839
98362
78218
61965
82275
71278
52916
22017
1094
28906
12471
74251
15058
34597
7284
89861
50298
74511
41699
95063
9233
18695
73538
1350
79419
63449
54099
79912
27052
12295
96101
67038
59585
45859
63418
69940
88534
45213
5914
29469
74356
76315
74166
59978
1699
52319
46059
56184
3272
3333
81664
90941
89983
44139
41388
45890
71839
94217
15098
43737
92936
62789
49192
996
92054
3114
46310
32627
46235
86589
20313
84482
33893
86667
9892
43699
69945
62874
92720
45252
13691
64246
42056
31769
27685
26723
45471
27912
25965
37849
5650
44201
41874
43264
51115
53531
46045
87925
88890
80823
94014
28006
60711
10724
28397
33545
49588
42584
41895
84831
55478
59316
59748
67265
68886
16814
40593
640
73018
78897
11469
50262
96945
53510
3538
7624
20176
18546
22471
38772
79710
96048
80391
67231
66362
2992
77477
7600
32394
82430
66544
71790
32419
65755
3990
65590
71563
51449
38770
40621
54422
12715
32969
82884
48710
72841
76896
32158
9269
55473
49717
45323
22565
33894
67712
95670
66372
36775
4995
31705
90694
39085
89532
40822
75352
66104
37888
13360
62687
78949
95893
8295
76470
64367
42318
13225
48169
36122
89013
81259
80886
20405
78720
32468
54055
75824
5818
9759
48321
28195
41839
92301
64594
8096
68451
6430
10523
17243
44219
46435
93748
31198
40015
22267
90688
29151
1213
71771
30946
93522
52249
15169
8214
1031
49686
24958
67701
50160
52101
58371
78927
78607
85933
76218
52337
22256
8330
8016
41297
93368
49619
64813
17821
22924
80204
79137
75166
87866
32704
92333
44572
52591
88810
5860
9818
52069
32573
90644
3152
331
44853
94623
74430
99070
30338
98221
8825
29250
76591
4455
17363
24423
12772
1441
364
98221
62917
51805
48486
99265
61695
19153
84580
239
31928
68251
47684
13642
91254
56443
17545
62029
78499
66240
12728
46096
38938
87184
92350
36755
1007
93400
80180
52132
10325
88298
66640
40358
75250
31857
55155
78745
18287
75015
83168
46483
20610
39915
54434
44927
64037
65236
22213
35722
84219
79354
74399
82906
88013
25344
10902
42424
28001
31710
40138
58142
63858
176
51894
1382
49429
61185
30138
30513
92290
20705
68823
10731
41869
722
33588
36375
91624
59775
77293
48594
79222
78448
71020
41856
77809
64612
91484
40403
94972
48176
9780
76811
9685
55632
33684
35409
49741
42898
53232
16463
15281
41827
92254
62923
778
60399
90658
16062
36158
68217
62536
82240
2229
78979
49493
67015
26019
39818
69859
76332
51126
19101
95188
72486
61738
4956
17514
94710
73880
58085
90
9076
75792
13958
7005
91001
61319
4062
77746
74519
67362
30055
34498
57194
44269
64988
77650
3663
1094
4714
91894
3725
51339
11859
81478
58623
74968
13965
10560
34466
89436
76997
62016
44549
55532
92790
62780
90710
76985
33480
11622
2467
18480
13434
3084
70281
35025
88051
50491
21223
62346
53427
5706
87073
66232
23784
46957
708
34931
70223
40209
28620
7791
69677
19936
6180
51052
43977
87221
85013
55935
54385
33107
20028
37840
69654
18358
6659
75369
89426
61924
987
65542
84745
68896
23688
14815
91362
58977
75424
37578
83838
6360
72543
98099
18018
76843
92741
57797
76313
66268
69304
43312
34951
14224
86016
48430
17074
64746
86023
73749
72585
56291
24954
11442
84007
31116
30765
14876
1394
38070
69673
27830
33370
58945
70573
30921
52445
22595
13587
66329
91813
72345
99278
5751
31527
97760
61733
25107
94765
96904
64726
23173
53129
59241
43708
80116
38174
61418
66502
33773
67893
62771
71902
46744
5483
48388
64666
40139
33670
46340
62737
11946
89700
9239
14924
65544
15641
86029
70236
5189
35738
11298
45526
18622
9301
27867
39050
39332
97408
98029
69229
234
39973
31006
46488
15277
29333
56451
10311
89649
86108
26314
62190
82989
29368
14827
5099
524
71656
82135
66566
4109
88506
7795
52898
79244
83858
29181
23742
46136
33204
73282
45001
69749
42905
73610
77349
67500
45719
28714
95134
88784
45925
95722
30407
88616
94740
95371
99750
84153
92746
43597
64927
12199
49909
63991
68519
51203
89267
78434
91936
7608
13147
43255
60182
84505
85331
2539
61356
39019
65619
33100
78106
23594
45787
70841
68278
89730
54073
2809
14681
2692
11569
36174
24689
53847
61961
90119
69743
12627
80849
15712
84226
19367
27156
50654
36103
29986
92321
90343
61121
64033
74303
39811
1341
75638
93577
37154
90245
64760
6661
52930
95455
46584
56029
50558
5238
15821
16002
57965
95196
35495
15458
25825
6461
17839
28765
36923
7978
7868
25319
50565
78807
62887
41052
75446
49343
66049
25044
5603
1688
16084
93496
7467
42730
71758
69224
88740
1774
1491
53422
18213
65279
24789
25799
70582
67253
84055
36129
17386
67177
96993
13191
53996
82445
97071
64533
87735
43733
1756
60359
84663
53971
66827
77089
86708
79851
30192
42132
32747
89544
15999
96176
76289
92026
14376
14995
32891
41344
39595
12994
24882
5911
90599
98529
20028
49359
66032
72175
5285
33645
31489
19441
2439
49290
76434
15066
89449
49996
92111
38588
25294
92824
23048
50209
14363
41754
30440
411
87920
76658
13191
4767
38499
9341
29609
2189
42047
63729
95589
63008
40950
37568
69565
936
97959
57048
79636
89833
74061
25943
94968
97914
6579
62531
87544
5819
85204
86490
2137
88996
55942
67636
80229
55737
51221
33690
65139
76688
23983
77849
36465
23574
49413
73998
52141
12942
2687
79683
60011
67311
15773
63978
74958
94244
82253
13533
61786
29440
59710
20562
6983
54421
90754
37459
40515
35509
5480
81397
78496
88286
52188
45828
92405
11983
22147
79736
37444
2647
37128
1972
64996
57259
15837
22141
51595
87748
5815
4042
4670
274
60130
95757
93344
54475
41916
30279
8288
27497
88624
26296
68258
91341
67879
49927
76887
59821
79792
97453
67538
66704
90300
84929
81643
43790
82584
34964
83251
52292
593
98926
50363
89821
67758
35946
23200
44871
15935
12989
48716
74951
8935
85679
61063
9521
12135
48257
28223
94405
9151
35125
77884
62300
27663
97740
25185
25232
82573
92845
60314
28888
85923
93289
12688
13654
21168
89261
48884
80111
61066
27304
14623
71141
55993
28825
62293
98817
44425
98895
45979
76283
4197
36154
97036
87092
58616
99130
27350
91909
38138
65866
45939
59553
96902
9878
42784
39267
38128
69454
13760
17848
91812
519
80034
41897
70226
50773
52945
64414
79514
45136
31163
42381
66400
16282
42504
62874
83028
95502
43513
63817
57767
99278
96757
22767
34267
70061
1217
10680
21904
75697
53923
88458
45906
91083
32826
92564
179
16329
36743
10893
65846
82475
11860
2693
63245
4204
5006
83133
68349
63237
70516
94936
41295
37174
51187
48269
56615
7272
64129
28343
80276
33317
99209
8179
60716
73361
17915
51892
31761
69497
99039
10016
58569
48854
55270
8572
56220
60567
61209
50586
48299
98738
9329
52814
52570
78534
43512
90398
96792
84273
98648
11091
7810
14148
51425
15561
7720
99635
25235
58316
67896
25812
31713
56570
83001
17205
6339
60668
90548
58129
84499
64169
55826
13266
13881
67086
88796
90460
33565
84945
94795
404
88676
74105
82276
74183
7872
16367
13050
49691
38869
3677
882
96168
6997
17334
16884
95601
66257
4531
54262
53550
89209
23223
18527
67785
3703
72377
74173
39421
89261
46793
56867
51210
25203
72875
52899
33811
21723
25399
40500
32586
33666
70548
35657
18281
44013
53166
70669
85752
53792
86719
10768
72865
68319
74794
48460
94999
48253
18381
29004
12480
15564
66063
3318
49725
78463
6257
40783
86164
39717
69852
45753
22756
1780
10582
54327
11410
62644
41690
53998
57421
4189
81603
56808
49073
78463
51265
9963
1782
25323
17560
98313
19516
34901
7974
45958
48566
90229
89453
8676
60825
73735
95607
34002
68937
88830
58126
36072
64222
1794
19142
5740
45048
23067
42243
87860
70198
85597
74902
90861
29735
63336
95192
49612
82638
35650
88166
52359
11051
35742
15797
62346
75218
7604
32618
86929
29340
53190
68886
66602
64406
69617
53625
88996
19111
46365
20618
73343
778
4693
12907
70998
55955
2645
6111
31027
84475
1469
27331
23063
86959
57153
75413
14715
89663
31513
87532
55623
17504
15197
73925
66108
17923
90743
31134
49127
7509
84238
91822
70207
18812
13954
94343
44138
61315
4735
15786
98466
72879
69014
20197
95404
70779
71579
25957
78750
49568
69298
72803
41849
18722
14087
61490
47608
7324
14400
89796
45875
42739
57012
82842
62003
11396
67929
76094
92357
811
51892
94280
93793
26441
2561
86253
59692
7926
22437
14829
74480
59263
70420
98992
65545
74173
27816
6276
87163
51007
96813
90477
86961
60707
16483
74924
76304
66936
38494
50489
77392
88148
22856
43915
63965
40416
59025
73126
88237
64774
94154
83701
18401
66861
61346
15184
18217
23592
22397
30656
35557
295
67046
91327
15002
94734
66403
80726
59220
13027
59277
27155
21112
60195
34231
70545
32491
12620
85665
46575
75059
26140
70645
40246
90571
77783
9526
56368
73172
22520
67702
55245
86208
3433
14145
56863
33169
55957
36667
64071
12889
68888
34205
63032
19781
49132
84371
48485
20478
78949
17501
14149
31790
60854
47659
14189
78161
54667
21994
19196
42231
16859
79476
39295
56518
44092
26782
88348
32838
97414
19643
91384
3685
43183
51065
13047
88326
35281
89316
9843
88877
39454
81341
99636
95646
97976
25998
22272
36597
53566
17422
66728
94764
5318
13215
67335
77770
34437
64659
12765
64721
18049
32360
43702
43882
38841
64577
10647
582
87758
62889
31676
68527
33876
68042
14614
39649
23546
62106
56712
65866
89592
61134
29292
17661
58134
7828
10116
28618
81615
17235
3577
28624
77540
60776
61097
93669
79999
16840
59265
81697
18794
40780
20090
11477
2556
82259
85111
88200
22230
21082
87022
58842
81262
92218
46967
70568
61117
6911
46645
48944
45252
10673
3626
20186
90403
75798
85661
22744
48780
31566
6938
34780
31356
7406
4732
34377
52000
52166
81134
86697
67418
69334
15744
71465
24690
97414
3600
1539
62142
26114
55459
42905
99353
97684
23803
88260
55056
18038
34641
59120
71607
72425
18891
58210
51240
21452
25564
56497
22017
66385
45730
55092
52602
29094
42805
62539
63665
10458
75859
29247
3078
73832
56394
51630
16150
10420
86852
21102
91814
12181
85954
76242
9211
73178
51019
50972
3104
98824
5439
93103
35159
82957
90797
14988
61418
56153
12634
13732
13686
11909
98929
80161
91569
71012
47257
84617
74604
1439
9322
9813
8376
5448
58588
57628
17802
35083
90771
96292
70179
36344
92106
26764
62288
82643
28724
55442
33491
14689
4694
65154
13846
84457
62799
3667
70909
64727
55764
282
21169
54385
89992
3926
16271
46235
37121
79031
69000
73807
37470
32844
67529
34726
48951
7523
43718
65766
29138
19223
15243
40123
85847
80167
14886
89715
89712
26321
57278
86722
2196
30782
33816
94577
75757
65627
79302
58870
17766
65836
46332
38309
98423
85032
38745
15313
36777
32693
30330
63430
90249
58101
78292
57162
40298
23853
68943
25343
86284
35049
67438
43441
93747
27489
16299
52551
83828
70382
40490
69523
52307
39929
22791
97634
75067
37781
20279
72375
41851
1971
34432
81592
81301
86106
7882
20460
43743
63145
70511
1947
13507
24118
89899
30858
73578
20009
91256
40410
77502
78057
30015
1393
58305
19061
85498
42486
54205
81888
70561
23934
11520
97165
98616
44753
45707
39527
41858
87675
3756
91920
24299
12039
45285
39233
74910
43191
83096
66194
88027
86881
55500
41749
27866
59895
29945
75182
77067
11420
22601
37534
90217
72007
85723
46143
77521
17684
57745
8687
96114
71839
54645
26142
55187
47696
87667
37329
43257
43918
93582
6777
62815
23151
39115
53734
8606
81960
8409
63291
52424
49931
75066
50231
11266
6715
43674
1618
1888
75686
36025
1506
11048
34908
42905
76459
34372
87424
42093
93343
7016
83290
26858
27653
10838
39612
99937
58066
49849
87630
79157
36599
68636
58332
50139
18512
98515
32199
85173
23239
52959
23620
10124
28977
75401
24343
25478
67028
22780
89234
37617
20880
99984
34370
33568
4115
14379
99602
15001
59710
48055
91676
88574
15802
38645
40997
40699
17711
21069
75077
89437
52709
83526
86293
92528
47508
97018
84971
34905
73005
73212
46905
34389
18225
49804
60943
66871
55942
3443
73650
34044
57808
7623
52148
2816
63771
14670
85857
90622
45049
35934
75488
79538
10109
3224
35901
57811
68856
741
34697
3234
22197
39519
67792
35022
61643
13898
85595
58160
12028
17335
96603
88004
58804
79831
87658
43377
24614
30808
83104
80925
79717
71711
92916
35522
4646
74353
29868
59279
65906
98597
19402
39943
63883
14686
40277
12681
44014
4928
7660
67472
16695
92790
47211
80289
67333
65547
45488
21581
87469
56558
40640
10263
42239
65731
53410
87915
71692
9160
44132
37529
99142
67572
77880
43057
74982
23218
16544
58052
19146
56014
98877
31834
30236
29499
81977
85978
58233
396
63689
13790
1484
29940
28498
406
43686
94120
80243
27110
79825
30732
61321
27598
38415
35854
24200
14752
4554
16599
37564
9251
13028
10019
48063
91045
73710
32006
88071
77752
15549
35055
8703
6508
59226
21433
48849
88031
6375
84903
42913
31925
50145
83131
26363
56081
88287
58104
45530
30634
48995
11221
81202
26940
84547
19793
28619
64597
41970
53511
18922
3289
1870
51443
35965
30080
26349
70758
58489
60977
91261
39471
20073
89987
1208
34709
72783
37934
72767
24981
351
82944
11515
42213
15426
40984
21957
7556
72173
31885
22664
72889
47265
32885
82935
13313
18998
78397
28757
49747
86934
28934
20406
26147
22697
63239
88162
79219
96115
56429
51791
9945
58221
9969
13782
31903
84335
90860
50444
53149
18608
73500
56915
37289
83587
42355
9235
50754
2150
31692
43425
57163
8870
87628
69601
15945
36794
80856
88098
84285
60166
19883
38286
2575
57917
49349
62179
3382
60915
19680
51661
84566
27737
98746
23829
72
13034
30692
16414
90181
86887
28962
99225
14327
5085
78591
50471
63911
37000
47003
61714
26387
40164
58973
74473
77346
52340
21075
21423
97255
40782
77813
43624
83789
59905
51347
67591
38355
76305
63421
51636
26017
61041
94772
8153
56026
58535
4796
47068
89532
97235
97441
98848
45794
22299
93250
21629
54012
99020
49633
28424
22941
21511
91155
46255
4314
10122
62708
36043
31463
44220
60389
62165
23343
79896
53657
74795
3344
61592
90732
74608
95391
46877
70070
31875
90367
15114
18779
3395
63803
82585
25351
79277
64370
66762
86829
94133
63019
63896
74743
37180
10913
76147
896
96094
3069
71300
42505
24511
26520
23735
555
32503
40242
3892
40594
84596
35610
88805
81198
97351
54255
30075
66675
40835
36100
79158
59367
16694
76683
7416
64948
26939
90322
95014
80983
47297
96227
45406
87862
27926
78267
71820
48526
52625
63058
4977
82028
34564
69260
97812
20663
92602
62860
22323
22699
85695
75552
94132
11731
45635
90939
88330
41524
43132
5260
57053
49894
29180
44558
7217
58664
20383
32658
26390
37738
88029
26337
88256
30516
55427
67623
48828
28487
57981
31359
98728
89814
36825
65454
52798
32475
95902
10227
11477
49075
73911
82412
55881
57876
72668
52024
7460
70301
23023
87763
92342
5610
86535
28931
29196
11397
54956
37309
38848
99430
45017
10556
3328
95341
86711
57101
68883
19824
13520
87008
20831
20985
3791
65639
41147
68531
90497
13772
497
57469
50139
1197
79685
8770
61160
88943
14861
71961
90517
11
95044
12145
98720
70445
18156
66160
19709
39704
93147
32758
96329
2944
43175
85092
61214
93708
7984
66366
24071
7571
95830
61880
59204
41636
67607
70803
13216
20879
19176
91314
37222
79630
24279
67174
23492
98582
55739
89375
79776
87262
61698
83889
2152
6771
55952
87817
90471
80539
17619
58070
16006
48047
36679
54638
35268
63419
37565
48467
1417
16080
77761
59709
42975
90182
32470
70446
71056
81607
7288
35220
31706
83827
74213
88578
2212
9670
16557
46456
81807
56943
46935
23328
38954
84423
69315
99238
59418
45998
41785
86209
12296
6939
32424
68247
15010
26467
16617
54679
98190
25119
53129
62977
24481
36432
51497
76350
7752
74687
72512
32759
54943
36941
18820
93016
97901
9047
40386
16223
99798
35103
79310
33709
73502
77343
67104
58830
77051
45654
1451
78967
50326
29383
3474
4947
98629
27406
40208
83059
34048
36249
1243
31656
78397
62470
81220
33717
17079
64481
67924
37382
74145
20797
36157
26493
94409
10086
30054
63490
49622
96643
86121
40795
10242
35125
94470
38190
557
76806
17547
10527
45330
51523
71508
60394
22861
65673
16121
96801
11705
19005
85916
14841
53389
11411
57557
27440
29924
38460
82889
54050
38606
90105
19599
68714
29429
87961
89187
59208
30243
99549
75887
36482
77473
88241
9515
34969
5630
37171
61636
23229
72936
88246
64930
24823
78981
42755
38330
59402
39998
64055
79081
94558
11522
66349
51075
48374
67456
36178
94747
59636
96302
6668
88555
35022
14974
62308
53839
31503
59069
5457
18213
66570
61010
73997
19066
63392
82001
88215
11983
15204
25828
60805
98597
86427
84827
66786
81974
68560
41088
80535
21740
94258
86643
27989
65135
89980
81363
7215
46908
74014
81768
15965
85201
4263
91353
69073
26334
30422
65383
16542
13527
18441
60115
3953
93777
42774
74799
52257
14074
25068
38991
57857
11112
81082
37472
7794
7570
42660
5525
30019
8874
98613
93503
19087
61970
10834
64170
95412
16073
76337
62035
86824
98965
52045
45406
57037
12045
23310
41575
9516
91726
4052
68734
11101
50191
89421
86082
33069
28041
54251
39732
12480
10025
28434
82492
64094
50763
51378
22319
1508
21878
60324
57639
36534
88308
88634
55817
47367
49079
51903
71698
87572
23076
68444
43419
8913
84014
55302
21473
49742
71636
93204
36077
73737
75380
2412
90355
21034
55255
39720
78209
42025
80378
99451
91680
26268
19960
95299
19621
61667
15419
99841
86216
28664
92257
37074
31422
85108
21901
84294
82250
56744
54517
94745
21029
99872
73216
51098
77149
5363
41634
23023
51051
52547
904
44289
81104
95960
16160
65431
35560
90989
36490
13777
92136
12847
87220
81677
1603
38252
83563
61155
31951
11
90920
17140
63536
52549
69212
54059
57653
80980
28755
74800
80686
32772
39569
99792
65562
31677
29462
5886
82994
42222
89372
47624
40632
57222
36774
58947
45297
6812
37834
62680
66952
36857
23918
86273
65223
13199
46131
55604
23101
83355
37471
48296
3665
79527
59572
46132
13218
133
78470
88845
21677
54969
41269
42535
3523
27034
1588
52979
82755
41881
99904
36622
42381
85243
80931
76404
30709
75140
59322
47819
4943
5249
38123
88589
46250
59184
72192
27328
68279
48176
9696
13135
29245
52981
50376
96336
45321
72035
65951
43869
39043
7147
61923
31094
73889
52810
22717
78089
29430
25127
80472
69476
17389
21192
48990
66078
86996
49820
72362
54879
89394
2394
39785
89433
34074
549
24722
58803
50499
86867
50610
77779
2693
81463
30910
51622
9766
71651
28807
52985
46770
80694
33927
80343
87678
39530
46299
9388
85485
24327
68807
29420
621
8583
53442
73986
49179
1586
74990
98531
97008
75996
19929
61316
40605
73223
98051
93761
2030
17257
37860
80437
29602
57123
12140
62954
30233
4228
14073
44909
46363
40202
4287
49117
43523
72024
85085
80454
65552
25997
26236
51765
30949
59766
81553
74341
88199
97831
80387
41465
78292
98182
1245
97612
34510
6683
7965
81839
35423
70459
89302
99607
33675
85063
69586
80707
60505
46903
87241
27189
78478
82548
26355
39891
65238
29069
23421
99155
17670
72341
73321
85048
31189
97617
28223
5779
66193
42162
25400
12210
24165
30523
91135
45962
28413
5759
66141
49607
57420
43950
13055
55384
76177
68205
20385
85937
29213
98478
78941
6954
97664
10852
80727
1553
23144
59447
26688
73043
94564
75932
89342
94105
5344
76971
28173
37863
45963
67008
88652
6673
45975
42553
80942
76630
17156
60517
76863
77737
136
26034
40339
7847
85045
96483
81047
76167
86067
41413
84167
2034
56138
2375
20596
70937
65291
29887
5099
94877
62452
23141
9633
6941
85286
72067
76731
35147
84746
14423
97143
98995
35650
1101
24863
78282
43286
30556
95917
33089
72752
81729
35195
98234
56494
68426
37365
95825
57954
1154
10686
71208
13392
56054
7816
19635
57590
62690
75903
45200
95347
51485
43861
53693
25562
30596
51758
14941
12422
1146
25092
28034
78704
5798
6388
18539
39932
11676
8279
67213
86491
47628
18370
58139
75219
78786
43781
88185
81788
87757
38987
23194
37457
83215
13187
72191
82085
91698
30232
86829
65368
27355
23
54117
20549
84812
33257
89035
56606
28368
63762
69623
97839
91290
10301
23730
5767
846
449
38203
33317
14571
78733
98637
53891
50927
83119
6085
52486
42992
69584
86782
88025
63434
62885
20834
49356
84147
85660
82157
85493
5627
40178
9590
69445
78246
85359
50532
6209
25449
3724
59310
1999
53591
258
40081
61692
55432
16206
86210
27751
45866
14926
79978
80145
37819
74255
11454
84751
34294
62568
49568
21068
75707
30358
86552
91460
33403
68677
44054
79187
33689
28509
1686
95709
74097
32519
98581
57201
73924
6548
77122
52452
63264
16786
44029
14901
77661
9574
35799
59856
69291
75962
32050
30660
22257
26480
32204
29469
85209
9418
74903
67203
8273
79588
5696
15593
72412
33610
45510
46910
95373
15326
85500
93907
67352
78895
6001
57060
88630
33639
73523
47733
47871
90796
32133
43978
47336
36688
26561
92503
66766
43515
68935
33757
78809
5522
20567
89751
52109
62567
5020
9621
22800
65865
43458
66738
38258
32155
66915
20812
31672
84593
51974
37139
44803
15486
50026
32479
35340
12348
41935
96905
54147
935
5840
44577
47634
10431
95781
7096
60409
96882
13627
42220
99004
43406
98902
93236
27586
72948
54120
79735
78259
1431
29439
87118
1098
2529
24028
60096
72114
37456
15263
48398
85437
14856
99713
32277
23637
69462
49469
94767
26278
57351
9714
82035
65774
52874
49030
42379
95786
19462
21757
6884
24311
53640
35125
50179
7063
68536
30963
6252
22543
65144
31053
3619
5334
81631
90367
24478
85880
3927
81255
81097
4527
79979
99996
30605
64507
33963
38083
10151
9480
56090
13737
87380
36733
5316
37281
57682
56306
11068
70730
35867
4729
22106
69422
93472
20129
72657
11329
2181
79962
79437
14945
72962
68814
87496
52588
74476
32254
53402
82548
24071
26844
68909
29590
66121
96953
90784
66262
77056
59186
69879
53610
99327
49187
72795
71282
9009
22108
28868
66548
61501
53227
53805
82082
54631
28663
1888
43044
27895
96834
28254
81861
10018
60912
80309
5950
79715
4153
17382
88194
55415
86667
59234
57092
5315
77698
93891
14258
28651
8764
94891
38805
98144
89671
12674
9694
3300
30114
83158
78129
16378
78563
32418
88049
88668
27515
82736
81152
97181
75674
39149
21636
55850
58934
22850
2393
77569
66370
11452
44178
10056
3362
87454
49356
79261
98056
78399
14901
81451
45508
3303
70414
50545
97961
71717
80734
68347
1011
92556
82991
38441
47101
3374
21186
21241
51017
14390
74288
55385
11923
31134
81091
78414
87779
87910
97146
18839
23395
67375
36032
58802
3225
42080
63392
78488
80997
2621
35173
26886
50224
23032
93445
79447
68723
76838
54192
88531
50278
8692
2926
1116
50207
61487
64061
1812
61010
67142
47247
99496
99178
80215
98708
26271
3829
76878
57793
67251
79760
50692
62136
35196
8304
34847
50850
19870
48280
24879
54554
74464
79935
281
75029
8635
5846
6854
31226
92354
11010
89502
97114
27707
2593
49260
54940
30542
21541
55264
75975
2821
71679
1357
94271
92857
63285
99105
76462
91593
8454
2604
80573
92244
79605
39728
10197
54092
39701
77998
26464
82979
44859
20775
26416
8156
98001
31206
6030
79727
71034
75250
44485
81600
69505
15578
68805
39028
55300
99459
3188
19429
70766
53030
33790
73314
41609
42119
4496
30730
19276
62462
51746
24006
80167
16055
2881
69267
20168
25844
20085
97117
74122
45057
25365
27835
55768
61822
71953
48808
50219
17359
19990
76021
16021
13073
48759
56238
74228
41074
88683
14524
28687
745
3917
92327
71371
15422
85591
2562
4297
65919
51258
23659
40262
96259
70137
43265
75288
97826
91897
1066
71687
4892
65612
65735
91500
62939
99398
5393
60643
29598
24640
12267
2537
76828
73513
37407
18700
89602
75103
53529
70981
40774
55096
11558
79235
58354
90656
10722
32821
30401
58414
66526
7792
91861
13412
72457
34806
36240
88882
26607
95788
61370
52415
80033
73224
9229
91864
65865
18247
38583
63728
27164
28134
36009
29832
62589
51950
54779
53032
11228
38516
20948
92103
62879
41463
22911
53220
73966
44986
8991
35695
18991
78439
59138
15538
17644
29358
17926
15553
75793
86995
17932
99648
99455
24901
66600
50805
81670
91085
98114
87546
57014
20961
93967
83944
21197
61232
79609
45455
67020
11496
30881
63513
7023
26318
29769
48033
90677
59507
41854
90180
18176
26010
90136
72384
56994
27686
17562
76312
75991
9273
96434
35057
19098
61451
81133
35984
58621
60885
45196
58289
16071
1957
48131
76091
1092
81777
92645
8409
30834
95629
77421
10922
11465
2873
62424
72471
36387
37946
95559
85300
17651
97995
60930
38764
29550
28203
54291
45109
88607
65666
54154
64921
68104
2203
75577
54138
41171
62254
33131
64461
34520
27539
8183
91589
52451
91914
43789
80095
33848
86975
21387
62255
81149
21874
80016
64909
81915
54336
32719
47795
67974
87567
98506
85162
2342
78971
99096
83464
74582
55433
92394
57856
19838
27973
84579
74260
52438
52017
63585
97086
16878
87088
59669
63339
80370
75396
85173
76440
90497
38350
28265
67601
59836
32510
27569
43671
61643
80057
20592
39783
50520
21793
2128
66018
71244
25658
15128
45428
95965
77976
33889
65841
50892
96747
91690
38270
6177
92272
51450
30600
56416
14020
52199
2012
82981
62638
5118
72207
61110
61376
94188
9715
88255
63843
96751
47221
95688
65311
75872
66618
3822
30115
96951
47433
21457
90683
15629
45085
46802
44467
97157
88668
30472
69727
78881
36125
40311
20728
25272
42701
2181